$..
$----------------------------------------
$..
$..          BULK DATA CARDS
$..
BEGIN BULK
$..
$----------------------------------------
$..
$..          NODES
$..
GRID*                  1                     0.000000000     0.000000000       1
*      1    -1.000000000
GRID*                  2                     0.000000000     0.000000000       2
*      2     1.000000000
GRID*                  3                     0.273151245     0.500000000       3
*      3    -0.821820173
GRID*                  4                     0.415194696     0.760008793       4
*      4    -0.500000000
GRID*                  5                     0.463099193     0.847697386       5
*      5    -0.258743657
GRID*                  6                     0.479425539     0.877582562       6
*      6     0.000000000
GRID*                  7                     0.464201782     0.849715662       7
*      7     0.250000000
GRID*                  8                     0.421061433     0.770747783       8
*      8     0.478178968
GRID*                  9                    -0.134452978     0.262773446       9
*      9    -0.955443621
GRID*                 10                     0.250000000     0.457621930      10
*     10     0.853277311
GRID*                 11                     0.129917143     0.237811735      11
*     11     0.962583562
GRID*                 12                    -0.273151245    -0.500000000      12
*     12    -0.821820173
GRID*                 13                    -0.415194696    -0.760008793      13
*     13    -0.500000000
GRID*                 14                    -0.463099193    -0.847697386      14
*     14    -0.258743657
GRID*                 15                    -0.479425539    -0.877582562      15
*     15     0.000000000
GRID*                 16                    -0.463099193    -0.847697386      16
*     16     0.258743657
GRID*                 17                    -0.420030050    -0.768859850      17
*     17     0.482109207
GRID*                 18                     0.664301501     0.699341741      18
*     18    -0.263864823
GRID*                 19                    -0.250000000    -0.457621930      19
*     19     0.853277311
GRID*                 20                    -0.129917143    -0.237811735      20
*     20     0.962583562
GRID*                 21                     0.500582365     0.503260724      21
*     21    -0.704376277
GRID*                 22                     0.498361796     0.002917493      22
*     22    -0.866964249
GRID*                 23                     0.502179142    -0.502808140      23
*     23    -0.703562423
GRID*                 24                     0.864091920    -0.000112394      24
*     24    -0.503334026
GRID*                 25                     0.704716215    -0.501502269      25
*     25    -0.501867044
GRID*                 26                     0.503333992    -0.864091869      26
*     26    -0.000367276
GRID*                 27                     0.498306847    -0.705228850      27
*     27    -0.504323859
GRID*                 28                     0.864091927    -0.503334026      28
*     28     0.000005964
GRID*                 29                     0.999999382    -0.000012475      29
*     29     0.001111614
GRID*                 30                     0.864091926    -0.000045247      30
*     30     0.503334026
GRID*                 31                     0.702554182    -0.504194462      31
*     31     0.502200722
GRID*                 32                     0.501806754    -0.500189940      32
*     32     0.705691154
GRID*                 33                     0.503000567    -0.703858129      33
*     33     0.501571693
GRID*                 34                     0.498393400     0.000211690      34
*     34     0.866950964
GRID*                 35                     0.000142544    -0.497338396      35
*     35     0.867556626
GRID*                 36                     0.536413315     0.588420528      36
*     36     0.604997552
GRID*                 37                    -0.264440772     0.928175806      37
*     37    -0.261841080
GRID*                 38                    -0.003343917    -0.867621972      38
*     38     0.497213165
GRID*                 39                    -0.249694291    -0.829693960      39
*     39     0.499260146
GRID*                 40                     0.000000000    -0.968245837      40
*     40     0.250000000
GRID*                 41                    -0.250000000    -0.935414347      41
*     41     0.250000000
GRID*                 42                    -0.250000000    -0.968245837      42
*     42     0.000000000
GRID*                 43                     0.000000000    -1.000000000      43
*     43     0.000000000
GRID*                 44                     0.000000000    -0.968245837      44
*     44    -0.250000000
GRID*                 45                    -0.250000000    -0.935414347      45
*     45    -0.250000000
GRID*                 46                    -0.249590792    -0.829725101      46
*     46    -0.499260146
GRID*                 47                    -0.000726192    -0.496002766      47
*     47    -0.868320637
GRID*                 48                    -0.003343819    -0.867596363      48
*     48    -0.497257851
GRID*                 49                     0.499925910     0.248091035      49
*     49     0.829774019
GRID*                 50                     0.251363787     0.249433655      50
*     50     0.935200031
GRID*                 51                     0.249294126    -0.000901960      51
*     51     0.968427398
GRID*                 52                     0.502676638     0.433670359      52
*     52     0.747827666
GRID*                 53                     0.686567267     0.275157256      53
*     53    -0.672988761
GRID*                 54                     0.136996391    -0.386433919      54
*     54    -0.912085969
GRID*                 55                    -0.275154322     0.685424179      55
*     55    -0.674154132
GRID*                 56                    -0.684255639     0.675659590      56
*     56    -0.274368982
GRID*                 57                     0.264592311    -0.928169987      57
*     57    -0.261708585
GRID*                 58                     0.864091798     0.503333951      58
*     58    -0.000546284
GRID*                 59                     0.704767793     0.498958719      59
*     59    -0.504323859
GRID*                 60                     0.701737574     0.508448918      60
*     60     0.499043159
GRID*                 61                     0.000091684     0.499133716      61
*     61    -0.866524971
GRID*                 62                    -0.501540643     0.501454849      62
*     62    -0.704982282
GRID*                 63                     0.003343818     0.867596211      63
*     63    -0.497258116
GRID*                 64                    -0.498305988     0.705229457      64
*     64    -0.504323859
GRID*                 65                    -0.503333975     0.864091840      65
*     65    -0.000447775
GRID*                 66                    -0.864091870     0.503333992      66
*     66     0.000364235
GRID*                 67                    -0.706020165     0.501352709      67
*     67    -0.500180955
GRID*                 68                    -0.999999482     0.000191787      68
*     68     0.001000007
GRID*                 69                    -0.864091910     0.000169421      69
*     69    -0.503334026
GRID*                 70                    -0.498395790    -0.002917692      70
*     70    -0.866944706
GRID*                 71                    -0.500554232    -0.503288706      71
*     71    -0.704376277
GRID*                 72                    -0.704791207    -0.498925645      72
*     72    -0.504323859
GRID*                 73                     0.255859791    -0.263708779      73
*     73    -0.930050239
GRID*                 74                    -0.928047842     0.265032749      74
*     74    -0.261696094
GRID*                 75                    -0.864091925    -0.503334024      75
*     75    -0.000071991
GRID*                 76                     0.682775589    -0.273983951      76
*     76    -0.677311073
GRID*                 77                    -0.684693478     0.272714191      77
*     77    -0.675885945
GRID*                 78                     0.274554156    -0.685447576      78
*     78    -0.674374996
GRID*                 79                    -0.501629646    -0.435538044      79
*     79     0.747445189
GRID*                 80                    -0.251367521    -0.249437359      80
*     80     0.935198040
GRID*                 81                    -0.501577085    -0.250821554      81
*     81     0.827954694
GRID*                 82                    -0.249284275     0.000901924      82
*     82     0.968429934
GRID*                 83                    -0.000142313     0.497337702      83
*     83     0.867557024
GRID*                 84                    -0.500000000     0.500000000      84
*     84     0.707106781
GRID*                 85                    -0.496657899    -0.000802539      85
*     85     0.867946016
GRID*                 86                    -0.502724931     0.703472427      86
*     86     0.502388484
GRID*                 87                    -0.704267865     0.503293377      87
*     87     0.500702059
GRID*                 88                    -0.864091817     0.000436187      88
*     88     0.503334026
GRID*                 89                     0.003343947     0.867629565      89
*     89     0.497199915
GRID*                 90                     0.250558178     0.829688691      90
*     90     0.498835921
GRID*                 91                     0.250000000     0.935414347      91
*     91     0.250000000
GRID*                 92                     0.000000000     0.968245837      92
*     92     0.250000000
GRID*                 93                     0.250000000     0.968245837      93
*     93     0.000000000
GRID*                 94                     0.250000000     0.935414347      94
*     94    -0.250000000
GRID*                 95                     0.249590792     0.829725101      95
*     95    -0.499260146
GRID*                 96                     0.000000000     1.000000000      96
*     96     0.000000000
GRID*                 97                     0.000000000     0.968245837      97
*     97    -0.250000000
GRID*                 98                    -0.536031034    -0.587985323      98
*     98     0.605759020
GRID*                 99                    -0.701609693    -0.506308509      99
*     99     0.501393590
GRID*                100                     0.143098616     0.261940259     100
*    100    -0.954416097
GRID*                101                     0.352712762     0.645636381     101
*    101    -0.677308919
GRID*                102                     0.352712762     0.645636381     102
*    102     0.677308919
GRID*                103                    -0.143098616    -0.261940259     103
*    103    -0.954416097
GRID*                104                    -0.352712762    -0.645636381     104
*    104    -0.677308919
GRID*                105                    -0.352712762    -0.645636381     105
*    105     0.677308919
GRID*                106                     0.507507942     0.265458871     106
*    106    -0.819736102
GRID*                107                     0.260531290    -0.001503175     107
*    107    -0.965464234
GRID*                108                     0.928033385     0.264721164     108
*    108    -0.262062476
GRID*                109                     0.708592234     0.000141627     109
*    109    -0.705618187
GRID*                110                     0.828620256     0.258571567     110
*    110    -0.496517086
GRID*                111                     0.003433417     0.707317612     111
*    111    -0.706887550
GRID*                112                     0.965183195     0.000075819     112
*    112    -0.261574835
GRID*                113                     0.824778661     0.501659359     113
*    113    -0.260917706
GRID*                114                     0.964835815     0.262849901     114
*    114     0.001333815
GRID*                115                     0.702237612     0.711941009     115
*    115    -0.001528493
GRID*                116                    -0.499657247     0.257458334     116
*    116    -0.827077893
GRID*                117                    -0.708347448    -0.000708348     117
*    117    -0.705863579
GRID*                118                    -0.827366161     0.259461179     118
*    118    -0.498141679
GRID*                119                    -0.261290333     0.002123414     119
*    119    -0.965257920
GRID*                120                    -0.267160678     0.497810393     120
*    120    -0.825112104
GRID*                121                    -0.259454334     0.827344333     121
*    121    -0.498181495
GRID*                122                    -0.965183194     0.000091225     122
*    122    -0.261574835
GRID*                123                    -0.829562836     0.496714401     123
*    123    -0.255147614
GRID*                124                    -0.964737980     0.263208380     124
*    124     0.001406500
GRID*                125                    -0.499992053     0.825606410     125
*    125    -0.261499528
GRID*                126                    -0.707111657     0.707099077     126
*    126    -0.001999999
GRID*                127                    -0.262634385     0.964895420     127
*    127     0.000089209
GRID*                128                    -0.003236575    -0.706264836     128
*    128    -0.707940327
GRID*                129                     0.262199218    -0.505609377     129
*    129    -0.821955429
GRID*                130                     0.259453783    -0.827342576     130
*    130    -0.498184701
GRID*                131                     0.494984602    -0.264856630     131
*    131    -0.827551333
GRID*                132                     0.827348567    -0.259455662     132
*    132    -0.498173774
GRID*                133                     0.501163975    -0.825009848     133
*    133    -0.261138702
GRID*                134                     0.262732147    -0.964868796     134
*    134    -0.000158436
GRID*                135                     0.829166074    -0.496464545     135
*    135    -0.256917451
GRID*                136                     0.707904397    -0.706307247     136
*    136    -0.001199236
GRID*                137                     0.964717610    -0.263284083     137
*    137     0.001193338
GRID*                138                    -0.504090356    -0.264741858     138
*    138    -0.822073392
GRID*                139                    -0.828627622    -0.258561179     139
*    139    -0.496510202
GRID*                140                    -0.826909505    -0.500340932     140
*    140    -0.256670261
GRID*                141                    -0.702253517    -0.711925328     141
*    141    -0.001525069
GRID*                142                    -0.964716429    -0.263288378     142
*    142     0.001200242
GRID*                143                     0.964604229     0.000318015     143
*    143     0.263701687
GRID*                144                     0.829242275     0.497459985     144
*    144     0.254736751
GRID*                145                     0.824563216     0.261565797     145
*    145     0.501676028
GRID*                146                     0.705935571    -0.000505855     146
*    146     0.708275874
GRID*                147                    -0.001659068     0.709675127     147
*    147     0.704527119
GRID*                148                    -0.964867303     0.000665181     148
*    148     0.262736837
GRID*                149                    -0.825159485     0.501937009     149
*    149     0.259173809
GRID*                150                    -0.823691994     0.262307411     150
*    150     0.502718929
GRID*                151                    -0.499409554     0.826567747     151
*    151     0.259568599
GRID*                152                    -0.259057497     0.826636027     152
*    152     0.499561900
GRID*                153                    -0.502439373     0.260408287     153
*    153     0.824464796
GRID*                154                    -0.706721971     0.001757052     154
*    154     0.707489200
GRID*                155                    -0.263017774     0.489911370     155
*    155     0.831148904
GRID*                156                     0.501859285    -0.825212656     156
*    156     0.259155034
GRID*                157                     0.259039861    -0.826545993     157
*    157     0.499719993
GRID*                158                     0.827074573    -0.500018172     158
*    158     0.256767362
GRID*                159                     0.823585970    -0.262410898     159
*    159     0.502838612
GRID*                160                     0.001658407    -0.708805084     160
*    160     0.705402440
GRID*                161                     0.263353006    -0.491343426     161
*    161     0.830196863
GRID*                162                     0.503042956    -0.260721116     162
*    162     0.823997745
GRID*                163                    -0.825993848    -0.501956446     163
*    163     0.256464205
GRID*                164                    -0.823873924    -0.260454485     164
*    164     0.503383769
GRID*                165                     0.328577209     0.272226847     165
*    165    -0.904394583
GRID*                166                     0.684597462    -0.674870840     166
*    166    -0.275455376
GRID*                167                     0.927968866    -0.264580619     167
*    167    -0.262432620
GRID*                168                    -0.685449602    -0.274540264     168
*    168    -0.674378593
GRID*                169                    -0.327560571    -0.272212593     169
*    169    -0.904767582
GRID*                170                    -0.664977411    -0.698649972     170
*    170    -0.263994808
GRID*                171                    -0.928454695    -0.263961004     171
*    171    -0.261335930
GRID*                172                     0.927263420     0.265830691     172
*    172     0.263659995
GRID*                173                     0.669857147     0.691823297     173
*    173     0.269577316
GRID*                174                     0.673845311     0.263508351     174
*    174     0.690286786
GRID*                175                     0.132167168     0.592407004     175
*    175     0.794723714
GRID*                176                    -0.926897436     0.266091089     176
*    176     0.264682216
GRID*                177                    -0.680860806     0.684664323     177
*    177     0.260121754
GRID*                178                    -0.264018579     0.928420947     178
*    178     0.261397658
GRID*                179                    -0.675929356     0.272005986     179
*    179     0.684932296
GRID*                180                    -0.266780007     0.255451269     180
*    180     0.929286327
GRID*                181                    -0.273361394     0.672964100     181
*    181     0.687308423
GRID*                182                    -0.033844782     0.128721667     182
*    182     0.991103054
GRID*                183                     0.264750723    -0.928265690     183
*    183     0.261208467
GRID*                184                     0.033937811    -0.128690707     184
*    184     0.991103893
GRID*                185                     0.684270006    -0.681340182     185
*    185     0.259904051
GRID*                186                     0.927073407    -0.265972409     186
*    186     0.264184736
GRID*                187                     0.273112813    -0.674943392     187
*    187     0.685463937
GRID*                188                     0.136240600    -0.128085351     188
*    188     0.982360749
GRID*                189                     0.066661480    -0.249739143     189
*    189     0.966015842
GRID*                190                    -0.066482592     0.249801982     190
*    190     0.966011923
GRID*                191                    -0.136062743     0.128156277     191
*    191     0.982376149
GRID*                192                     0.267124173    -0.255302008     192
*    192     0.929228476
GRID*                193                     0.677870692    -0.271911749     193
*    193     0.683048553
GRID*                194                     0.057021929    -0.266807955     194
*    194    -0.962061336
GRID*                195                    -0.663786026    -0.700250381     195
*    195     0.262749909
GRID*                196                    -0.322148492     0.266103083     196
*    196    -0.908520500
GRID*                197                    -0.927219955    -0.266009934     197
*    197     0.263632072
GRID*                198                    -0.132858558    -0.591682091     198
*    198     0.795148355
GRID*                199                     0.126982950    -0.131641230     199
*    199    -0.983130671
GRID*                200                    -0.681615679    -0.256535201     200
*    200     0.685266194
$..
$----------------------------------------
$..
$..          ELEMENTS
$..
$..
$----------------------------------------
$..
$..          MESH PART: MSHPartOctree2D.1
$..
CTRIA3         1       1      61       3     100
CTRIA3         2       1       3      21     106
CTRIA3         3       1      59     110      53
CTRIA3         4       1     111     101       3
CTRIA3         5       1      59      21       4
CTRIA3         6       1     110      59     113
CTRIA3         7       1     125      64      56
CTRIA3         8       1      77      67      62
CTRIA3         9       1       1       9     100
CTRIA3        10       1      62      67      64
CTRIA3        11       1      64     121      55
CTRIA3        12       1     118      69     122
CTRIA3        13       1      56      64      67
CTRIA3        14       1     121      64     125
CTRIA3        15       1      27     130      78
CTRIA3        16       1      27      23      25
CTRIA3        17       1     131      73     107
CTRIA3        18       1     130      27     133
CTRIA3        19       1     166      27      25
CTRIA3        20       1     132      24     112
CTRIA3        21       1      71      13      72
CTRIA3        22       1     128     104      12
CTRIA3        23       1      72     139     168
CTRIA3        24       1     138     169      12
CTRIA3        25       1      47      12     103
CTRIA3        26       1     118     122      74
CTRIA3        27       1     139      72     140
CTRIA3        28       1     114      58     144
CTRIA3        29       1     174      52      49
CTRIA3        30       1     102       8      90
CTRIA3        31       1      60      36      52
CTRIA3        32       1     124      68     148
CTRIA3        33       1     126      66     149
CTRIA3        34       1     127      65     151
CTRIA3        35       1     179      84      87
CTRIA3        36       1      86      87      84
CTRIA3        37       1      84     155     181
CTRIA3        38       1     134      26     156
CTRIA3        39       1     156      26     136
CTRIA3        40       1     137      29     143
CTRIA3        41       1      32     161     187
CTRIA3        42       1      33      31      32
CTRIA3        43       1      11     190     182
CTRIA3        44       1     193      32      31
CTRIA3        45       1      77      62     116
CTRIA3        46       1     142      75     163
CTRIA3        47       1      99      98      79
CTRIA3        48       1     105      17      39
CTRIA3        49       1      81      85     154
CTRIA3        50       1      63      94      95
CTRIA3        51       1       5      95      94
CTRIA3        52       1      44      57     134
CTRIA3        53       1      97      96      93
CTRIA3        54       1       6      94      93
CTRIA3        55       1     125      56     126
CTRIA3        56       1      93      92      91
CTRIA3        57       1       6      93      91
CTRIA3        58       1      62      55     120
CTRIA3        59       1     120     196     116
CTRIA3        60       1      91      89      90
CTRIA3        61       1       7      91      90
CTRIA3        62       1     120      55     111
CTRIA3        63       1     107     165      22
CTRIA3        64       1      11      51      50
CTRIA3        65       1      50      34      49
CTRIA3        66       1      98     105      79
CTRIA3        67       1      10      11      50
CTRIA3        68       1      27      78      23
CTRIA3        69       1     132      76     109
CTRIA3        70       1      14      46      45
CTRIA3        71       1      45      48      44
CTRIA3        72       1     118      74     123
CTRIA3        73       1      15      45      42
CTRIA3        74       1      44      43      42
CTRIA3        75       1     118      67      77
CTRIA3        76       1      15      42      41
CTRIA3        77       1      42      40      41
CTRIA3        78       1     118      77     117
CTRIA3        79       1      16      41      39
CTRIA3        80       1      41      38      39
CTRIA3        81       1      97      37     127
CTRIA3        82       1      19      20      80
CTRIA3        83       1      36     102      52
CTRIA3        84       1      80      82      85
CTRIA3        85       1      20      82      80
CTRIA3        86       1     110     113     108
CTRIA3        87       1     110     108     112
CTRIA3        88       1     165     106      22
CTRIA3        89       1     100     107       1
CTRIA3        90       1       3     106     165
CTRIA3        91       1     109     110      24
CTRIA3        92       1     106     109      22
CTRIA3        93       1      53     110     109
CTRIA3        94       1      53     106      21
CTRIA3        95       1     111       3      61
CTRIA3        96       1      95     111      63
CTRIA3        97       1     101      95       4
CTRIA3        98       1     101     111      95
CTRIA3        99       1     101      21       3
CTRIA3       100       1      57      44     130
CTRIA3       101       1       4      21     101
CTRIA3       102       1     114     113      58
CTRIA3       103       1     112     114      29
CTRIA3       104       1     110     112      24
CTRIA3       105       1     108     114     112
CTRIA3       106       1     108     113     114
CTRIA3       107       1     115       5       6
CTRIA3       108       1     113     115      58
CTRIA3       109       1      18       5     115
CTRIA3       110       1      18       4       5
CTRIA3       111       1      59       4      18
CTRIA3       112       1     118     117      69
CTRIA3       113       1     117     116      70
CTRIA3       114       1      77     116     117
CTRIA3       115       1     120     116      62
CTRIA3       116       1     116     119      70
CTRIA3       117       1     196     119     116
CTRIA3       118       1     111     121      63
CTRIA3       119       1     120     111      61
CTRIA3       120       1      55     121     111
CTRIA3       121       1     124     122      68
CTRIA3       122       1     123     124      66
CTRIA3       123       1     118     123      67
CTRIA3       124       1      74     124     123
CTRIA3       125       1      74     122     124
CTRIA3       126       1     126     123      66
CTRIA3       127       1     125     126      65
CTRIA3       128       1      56     123     126
CTRIA3       129       1      56      67     123
CTRIA3       130       1     127     125      65
CTRIA3       131       1      97     127      96
CTRIA3       132       1     121      97      63
CTRIA3       133       1      37     125     127
CTRIA3       134       1     125      37     121
CTRIA3       135       1     128     130      48
CTRIA3       136       1     129     128      47
CTRIA3       137       1      78     130     128
CTRIA3       138       1      78     129      23
CTRIA3       139       1     131     107      22
CTRIA3       140       1     129     131      23
CTRIA3       141       1      54     129      47
CTRIA3       142       1     129      73     131
CTRIA3       143       1     132     109      24
CTRIA3       144       1     109     131      22
CTRIA3       145       1      76     131     109
CTRIA3       146       1      76      25      23
CTRIA3       147       1     134     133      26
CTRIA3       148       1      44     134      43
CTRIA3       149       1     130      44      48
CTRIA3       150       1      57     133     134
CTRIA3       151       1     133      57     130
CTRIA3       152       1     136     135      28
CTRIA3       153       1     133     136      26
CTRIA3       154       1     166     135     136
CTRIA3       155       1     166      25     135
CTRIA3       156       1     137     112      29
CTRIA3       157       1     135     137      28
CTRIA3       158       1     132     135      25
CTRIA3       159       1     167     137     135
CTRIA3       160       1     167     112     137
CTRIA3       161       1     104      71      12
CTRIA3       162       1     132      25      76
CTRIA3       163       1      13      71     104
CTRIA3       164       1     128      12      47
CTRIA3       165       1      46     128      48
CTRIA3       166       1     104      46      13
CTRIA3       167       1     104     128      46
CTRIA3       168       1     117     139      69
CTRIA3       169       1     138     117      70
CTRIA3       170       1     168     139     117
CTRIA3       171       1     138      12      71
CTRIA3       172       1     169     138      70
CTRIA3       173       1     103     119       1
CTRIA3       174       1     141      14      15
CTRIA3       175       1     140     141      75
CTRIA3       176       1     170      14     141
CTRIA3       177       1     170      13      14
CTRIA3       178       1      72      13     170
CTRIA3       179       1     142     140      75
CTRIA3       180       1     122     142      68
CTRIA3       181       1     139     122      69
CTRIA3       182       1     171     142     122
CTRIA3       183       1     171     140     142
CTRIA3       184       1     145     144      60
CTRIA3       185       1     143     145      30
CTRIA3       186       1     114     143      29
CTRIA3       187       1     172     145     143
CTRIA3       188       1     172     144     145
CTRIA3       189       1     115     144      58
CTRIA3       190       1       7     115       6
CTRIA3       191       1     173     144     115
CTRIA3       192       1     173      60     144
CTRIA3       193       1      60     173       8
CTRIA3       194       1     146      49      34
CTRIA3       195       1     145     146      30
CTRIA3       196       1     174      49     146
CTRIA3       197       1     119       9       1
CTRIA3       198       1     174     145      60
CTRIA3       199       1     147      90      89
CTRIA3       200       1     175     147      83
CTRIA3       201       1     102     147     175
CTRIA3       202       1     102      90     147
CTRIA3       203       1      73     129      54
CTRIA3       204       1      52     102      10
CTRIA3       205       1     106      53     109
CTRIA3       206       1      36      60       8
CTRIA3       207       1     150     148      88
CTRIA3       208       1     149     150      87
CTRIA3       209       1     124     149      66
CTRIA3       210       1     176     150     149
CTRIA3       211       1     176     148     150
CTRIA3       212       1     177      87      86
CTRIA3       213       1     177     149      87
CTRIA3       214       1     126     151      65
CTRIA3       215       1     126     149     177
CTRIA3       216       1     152     151      86
CTRIA3       217       1      92     152      89
CTRIA3       218       1     127      92      96
CTRIA3       219       1     178     151     152
CTRIA3       220       1     151     178     127
CTRIA3       221       1     154     150      88
CTRIA3       222       1     153     154      85
CTRIA3       223       1     179     150     154
CTRIA3       224       1     100     165     107
CTRIA3       225       1     180      82     191
CTRIA3       226       1     153     155      84
CTRIA3       227       1     180     153      85
CTRIA3       228       1     180     155     153
CTRIA3       229       1     147     155      83
CTRIA3       230       1     152     147      89
CTRIA3       231       1     181     155     147
CTRIA3       232       1      11     182       2
CTRIA3       233       1     157     156      33
CTRIA3       234       1      40     157      38
CTRIA3       235       1     134      40      43
CTRIA3       236       1     183     156     157
CTRIA3       237       1     156     183     134
CTRIA3       238       1     158     136      28
CTRIA3       239       1     185     158      31
CTRIA3       240       1      20     184       2
CTRIA3       241       1     185     136     158
CTRIA3       242       1     159     143      30
CTRIA3       243       1     158     159      31
CTRIA3       244       1     137     158      28
CTRIA3       245       1     186     159     158
CTRIA3       246       1     186     143     159
CTRIA3       247       1     160     161      35
CTRIA3       248       1     157     160      38
CTRIA3       249       1     187     161     160
CTRIA3       250       1     189     188     184
CTRIA3       251       1       3     165     100
CTRIA3       252       1     192      51     188
CTRIA3       253       1      20     189     184
CTRIA3       254       1     162     161      32
CTRIA3       255       1     192     162      34
CTRIA3       256       1     192     161     162
CTRIA3       257       1     162     146      34
CTRIA3       258       1     146     159      30
CTRIA3       259       1     193     159     146
CTRIA3       260       1     103     194      54
CTRIA3       261       1     141     163      75
CTRIA3       262       1      16     141      15
CTRIA3       263       1     195     163     141
CTRIA3       264       1     120       9     196
CTRIA3       265       1     195      99     163
CTRIA3       266       1     164     163      99
CTRIA3       267       1     148     164      88
CTRIA3       268       1     142     148      68
CTRIA3       269       1     197     164     148
CTRIA3       270       1     197     163     164
CTRIA3       271       1     160      39      38
CTRIA3       272       1     198     160      35
CTRIA3       273       1      37      97     121
CTRIA3       274       1     105     160     198
CTRIA3       275       1     105      39     160
CTRIA3       276       1      79     105      19
CTRIA3       277       1      59      18     113
CTRIA3       278       1      99      17      98
CTRIA3       279       1     164     154      88
CTRIA3       280       1     199      73     194
CTRIA3       281       1     200     164      99
CTRIA3       282       1       1     199     103
CTRIA3       283       1     200     154     164
CTRIA3       284       1      94      63      97
CTRIA3       285       1      95       5       4
CTRIA3       286       1      97      93      94
CTRIA3       287       1      94       6       5
CTRIA3       288       1      92      93      96
CTRIA3       289       1       6      91       7
CTRIA3       290       1     131      76      23
CTRIA3       291       1      89      91      92
CTRIA3       292       1       7      90       8
CTRIA3       293       1     103      54      47
CTRIA3       294       1      59      53      21
CTRIA3       295       1      98      17     105
CTRIA3       296       1      51      11       2
CTRIA3       297       1      34      50      51
CTRIA3       298       1      61       9     120
CTRIA3       299       1      83      11      10
CTRIA3       300       1       9      61     100
CTRIA3       301       1      49      10      50
CTRIA3       302       1      52      10      49
CTRIA3       303       1      64      55      62
CTRIA3       304       1      46      14      13
CTRIA3       305       1      48      45      46
CTRIA3       306       1      73     199     107
CTRIA3       307       1      45      15      14
CTRIA3       308       1      44      42      45
CTRIA3       309       1     194      73      54
CTRIA3       310       1      15      41      16
CTRIA3       311       1      40      42      43
CTRIA3       312       1     129      78     128
CTRIA3       313       1      16      39      17
CTRIA3       314       1      38      41      40
CTRIA3       315       1      81      19      80
CTRIA3       316       1      79      19      81
CTRIA3       317       1     113      18     115
CTRIA3       318       1      35      20      19
CTRIA3       319       1      80      85      81
CTRIA3       320       1      82      20       2
CTRIA3       321       1     102      36       8
CTRIA3       322       1     133     166     136
CTRIA3       323       1     133      27     166
CTRIA3       324       1     132     167     135
CTRIA3       325       1     132     112     167
CTRIA3       326       1     138     168     117
CTRIA3       327       1      71     168     138
CTRIA3       328       1      72     168      71
CTRIA3       329       1     119     169      70
CTRIA3       330       1     103     169     119
CTRIA3       331       1     169     103      12
CTRIA3       332       1     140     170     141
CTRIA3       333       1      72     170     140
CTRIA3       334       1     139     171     122
CTRIA3       335       1     139     140     171
CTRIA3       336       1     114     172     143
CTRIA3       337       1     114     144     172
CTRIA3       338       1       7     173     115
CTRIA3       339       1     173       7       8
CTRIA3       340       1     145     174     146
CTRIA3       341       1      52     174      60
CTRIA3       342       1      10     175      83
CTRIA3       343       1     102     175      10
CTRIA3       344       1     124     176     149
CTRIA3       345       1     124     148     176
CTRIA3       346       1     151     177      86
CTRIA3       347       1     126     177     151
CTRIA3       348       1      92     178     152
CTRIA3       349       1     178      92     127
CTRIA3       350       1     153     179     154
CTRIA3       351       1     153      84     179
CTRIA3       352       1     179      87     150
CTRIA3       353       1     190     180     191
CTRIA3       354       1      83     180     190
CTRIA3       355       1     180      83     155
CTRIA3       356       1      82     180      85
CTRIA3       357       1     152     181     147
CTRIA3       358       1      86     181     152
CTRIA3       359       1     182     191       2
CTRIA3       360       1      84     181      86
CTRIA3       361       1      40     183     157
CTRIA3       362       1     183      40     134
CTRIA3       363       1      33     185      31
CTRIA3       364       1     156     185      33
CTRIA3       365       1     184     188       2
CTRIA3       366       1     156     136     185
CTRIA3       367       1     137     186     158
CTRIA3       368       1     137     143     186
CTRIA3       369       1     157     187     160
CTRIA3       370       1      33     187     157
CTRIA3       371       1     188      51       2
CTRIA3       372       1      32     187      33
CTRIA3       373       1     189     192     188
CTRIA3       374       1      35     192     189
CTRIA3       375       1      35     189      20
CTRIA3       376       1     192      35     161
CTRIA3       377       1      51     192      34
CTRIA3       378       1     190     191     182
CTRIA3       379       1     191      82       2
CTRIA3       380       1      83     190      11
CTRIA3       381       1     162     193     146
CTRIA3       382       1     162      32     193
CTRIA3       383       1     199     194     103
CTRIA3       384       1     193      31     159
CTRIA3       385       1      16     195     141
CTRIA3       386       1      17     195      16
CTRIA3       387       1       9     119     196
CTRIA3       388       1      17      99     195
CTRIA3       389       1     142     197     148
CTRIA3       390       1     142     163     197
CTRIA3       391       1      19     198      35
CTRIA3       392       1     105     198      19
CTRIA3       393       1      79     200      99
CTRIA3       394       1      81     200      79
CTRIA3       395       1     199       1     107
CTRIA3       396       1      81     154     200
$..
ENDDATA
